UNIVERSIDADE ESTADUAL DE CAMPINAS
Posições Rastreadas dos dados experimentais

Frame | Eixo x | Eixo y
65 60 1807 
52 59 1810 
2 59 1811 
70 59 1813 
26 59 1814 
11 58 1816 
26 58 1816 
6 62 1818 
37 59 1818 
8 62 1820 
9 59 1820 
10 58 1821 
2 59 1821 
1 59 1821 
7 59 1818 
3 57 1816 
16 57 1812 
18 58 1808 
20 56 1805 
16 57 1800 
17 59 1795 
3 58 1791 
5 56 1786 
0 56 1783 
1 55 1780 
8 55 1778 
7 56 1775 
18 54 1775 
1 54 1773 
15 52 1775 
41 52 1772 
22 50 1773 
6 49 1768 
20 49 1767 
16 51 1765 
41 48 1766 
13 45 1762 
28 45 1761 
0 46 1762 
49 47 1761 
64 45 1757 
11 46 1758 
21 43 1754 
8 44 1752 
1 42 1748 
22 43 1745 
13 41 1742 
0 41 1740 
66 42 1736 
11 45 1733 
47 43 1733 
12 44 1729 
52 40 1730 
66 37 1728 
17 36 1730 
4 36 1730 
54 35 1729 
10 35 1730 
27 32 1732 
36 33 1731 
68 33 1732 
69 32 1733 
60 29 1732 
41 28 1734 
65 26 1736 
2 17 1737 
52 16 1737 
56 17 1738 
26 17 1742 
49 17 1747 
38 19 1753 
17 20 1758 
91 20 1757 
46 18 1762 
9 17 1764 
36 18 1763 
36 18 1764 
73 19 1762 
69 20 1762 
78 20 1764 
56 23 1763 
39 23 1764 
3 25 1764 
5 26 1764 
25 25 1761 
8 26 1760 
12 25 1758 
37 27 1757 
31 26 1755 
3 25 1754 
48 27 1752 
83 22 1752 
64 22 1750 
52 21 1748 
44 20 1744 
35 24 1745 
21 27 1742 
60 25 1742 
50 26 1741 
37 27 1740 
64 27 1738 
80 27 1736 
52 31 1733 
62 31 1737 
29 29 1732 
30 30 1730 
58 28 1731 
60 27 1735 
3 31 1729 
9 27 1734 
18 29 1737 
85 29 1738 
62 29 1743 
91 31 1749 
5 32 1757 
1 33 1764 
6 33 1772 
2 33 1772 
40 36 1776 
84 37 1780 
59 36 1786 
76 42 1787 
104 42 1789 
96 43 1791 
92 44 1793 
96 49 1792 
88 56 1772 
75 55 1773 
20 46 1765 
56 45 1763 
36 43 1762 
43 44 1761 
53 43 1760 
28 43 1759 
57 42 1759 
42 41 1757 
67 44 1757 
53 46 1755 
70 59 1761 
5 61 1763 
47 60 1765 
27 62 1768 
13 63 1771 
9 63 1773 
17 64 1773 
16 62 1775 
7 64 1772 
1 65 1771 
18 66 1770 
33 65 1773 
32 66 1769 
25 67 1769 
46 63 1771 
6 65 1768 
8 63 1768 
14 59 1769 
31 63 1766 
15 62 1765 
56 62 1765 
31 58 1766 
56 62 1765 
22 59 1766 
44 57 1765 
51 60 1764 
16 57 1765 
27 60 1764 
30 61 1763 
42 58 1764 
23 61 1763 
22 58 1763 
25 59 1763 
27 58 1762 
42 60 1762 
17 59 1761 
4 59 1761 
5 64 1760 
15 64 1758 
40 63 1758 
21 64 1760 
31 66 1756 
3 65 1757 
59 62 1756 
30 64 1757 
43 61 1754 
2 63 1753 
37 62 1753 
12 59 1754 
26 55 1755 
25 58 1756 
0 56 1757 
9 55 1758 
0 56 1761 
0 54 1763 
1 52 1766 
11 51 1768 
24 49 1773 
20 47 1778 
8 46 1782 
0 41 1788 
0 38 1792 
0 34 1797 
70 31 1799 
76 27 1803 
93 23 1808 
64 21 1809 
86 20 1808 
73 21 1808 
78 21 1809 
43 19 1809 
14 16 1809 
72 17 1807 
44 16 1809 
51 18 1808 
60 17 1810 
90 18 1810 
68 18 1810 
69 17 1811 
41 15 1811 
79 17 1810 
81 18 1811 
73 18 1811 
97 18 1810 
76 18 1811 
70 19 1810 
59 18 1809 
72 19 1808 
74 18 1805 
21 19 1804 
34 19 1803 
69 18 1804 
78 19 1806 
40 18 1809 
56 17 1810 
47 17 1811 
93 16 1811 
93 16 1810 
87 15 1809 
73 16 1808 
59 16 1807 
73 17 1806 
69 17 1804 
30 28 1793 
42 26 1791 
64 27 1790 
7 28 1791 
20 28 1791 
17 28 1790 
14 28 1789 
42 31 1791 
18 28 1787 
50 31 1788 
61 26 1782 
80 28 1781 
40 28 1783 
41 29 1782 
29 29 1782 
39 29 1781 
55 29 1781 
79 30 1779 
19 28 1783 
41 28 1783 
42 28 1784 
45 23 1784 
37 24 1785 
39 25 1785 
11 23 1787 
25 24 1787 
87 28 1783 
73 28 1782 
59 29 1784 
12 24 1789 
60 22 1786 
54 20 1786 
76 19 1794 
43 24 1788 
70 25 1786 
50 24 1784 
57 26 1789 
60 26 1793 
39 27 1795 
25 25 1796 
40 25 1797 
31 25 1798 
91 24 1795 
72 27 1795 
80 23 1797 
21 24 1800 
34 23 1797 
69 23 1797 
70 23 1796 
56 22 1796 
41 20 1804 
47 47 1804 
11 49 1806 
72 51 1807 
101 50 1803 
46 51 1800 
49 51 1795 
3 53 1790 
64 54 1782 
1 54 1776 
64 56 1770 
2 54 1766 
7 50 1761 
26 49 1757 
27 51 1753 
25 50 1750 
12 47 1746 
1 50 1746 
2 53 1746 
16 54 1744 
15 55 1742 
18 59 1741 
8 58 1742 
5 60 1742 
1 59 1741 
2 59 1741 
11 59 1741 
30 57 1739 
14 60 1742 
12 62 1741 
12 61 1742 
4 61 1743 
27 60 1744 
59 57 1745 
5 58 1745 
5 58 1745 
24 58 1744 
61 56 1743 
14 57 1746 
23 57 1745 
23 56 1741 
16 55 1741 
24 55 1740 
0 50 1741 
7 54 1739 
8 54 1737 
51 51 1735 
14 53 1736 
6 53 1733 
3 48 1734 
14 47 1734 
20 50 1732 
22 48 1734 
31 48 1732 
22 44 1736 
42 45 1734 
0 46 1734 
34 46 1735 
7 46 1735 
1 46 1736 
12 46 1736 
38 50 1735 
5 46 1737 
1 48 1738 
42 50 1738 
5 47 1741 
55 47 1741 
52 51 1743 
22 49 1746 
26 51 1749 
1 51 1751 
6 51 1754 
12 51 1758 
48 50 1761 
33 52 1764 
0 57 1766 
5 56 1767 
0 55 1766 
80 54 1765 
33 55 1765 
23 53 1764 
29 52 1762 
9 52 1762 
3 52 1762 
57 53 1762 
11 52 1762 
6 50 1760 
2 52 1761 
26 49 1760 
1 52 1762 
63 52 1764 
76 53 1767 
98 53 1768 
20 52 1769 
4 51 1769 
46 51 1767 
80 50 1764 
77 51 1763 
45 52 1761 
86 50 1759 
81 44 1758 
27 42 1756 
17 40 1752 
0 41 1753 
5 40 1753 
4 39 1752 
6 39 1750 
1 41 1747 
12 40 1744 
25 42 1740 
42 41 1740 
20 40 1738 
17 38 1740 
14 37 1741 
21 38 1743 
38 38 1745 
16 41 1748 
56 40 1748 
48 40 1748 
10 41 1750 
60 40 1747 
60 41 1745 
60 43 1742 
65 44 1739 
80 45 1735 
3 49 1732 
11 50 1729 
27 50 1724 
12 51 1723 
20 48 1717 
11 51 1716 
18 52 1715 
1 52 1713 
4 54 1712 
29 52 1711 
35 51 1709 
10 50 1709 
14 49 1709 
38 47 1707 
16 48 1707 
28 47 1708 
2 46 1707 
8 44 1707 
1 43 1706 
0 42 1705 
9 41 1704 
20 42 1702 
14 43 1701 
8 44 1701 
8 44 1701 
15 45 1702 
9 47 1704 
25 48 1710 
23 52 1708 
100 54 1699 
26 69 1699 
67 73 1698 
47 74 1694 
56 70 1690 
98 71 1690 
17 72 1693 
81 62 1710 
49 59 1712 
29 62 1711 
85 63 1708 
42 86 1712 
23 86 1712 
47 86 1712 
35 85 1709 
4 90 1710 
5 91 1709 
23 90 1710 
28 85 1707 
25 82 1707 
34 82 1706 
35 83 1704 
34 85 1703 
28 89 1705 
42 83 1701 
14 83 1706 
15 85 1711 
38 87 1711 
48 85 1715 
5 88 1718 
30 88 1720 
42 86 1722 
66 86 1723 
40 88 1726 
45 83 1725 
21 85 1726 
24 84 1726 
24 85 1726 
31 85 1726 
65 84 1724 
15 81 1724 
22 81 1723 
46 79 1726 
5 81 1728 
17 79 1728 
17 78 1727 
54 75 1726 
13 77 1724 
44 75 1725 
26 73 1723 
0 68 1726 
3 69 1729 
22 71 1723 
65 68 1726 
13 70 1729 
8 70 1733 
35 71 1739 
23 68 1742 
6 67 1743 
9 64 1747 
67 63 1748 
28 63 1751 
14 62 1753 
7 61 1753 
21 60 1753 
12 61 1754 
28 62 1754 
24 62 1754 
98 63 1769 
75 65 1756 
10 65 1755 
0 65 1756 
4 64 1756 
8 64 1757 
3 64 1756 
29 64 1758 
19 62 1757 
10 63 1757 
22 63 1757 
5 62 1758 
5 62 1758 
8 63 1761 
8 63 1763 
19 67 1762 
24 64 1764 
31 65 1769 
0 66 1767 
25 68 1769 
51 67 1773 
1 67 1773 
5 66 1774 
7 68 1776 
25 67 1776 
4 70 1782 
24 70 1781 
8 67 1777 
9 67 1779 
32 67 1780 
25 71 1777 
50 65 1776 
63 53 1758 
62 53 1759 
39 56 1761 
37 53 1761 
21 56 1760 
42 55 1758 
57 56 1757 
67 55 1752 
48 57 1756 
34 60 1755 
78 62 1753 
43 66 1754 
95 66 1751 
65 67 1754 
87 71 1755 
2 71 1757 
4 71 1758 
0 69 1760 
1 68 1760 
0 65 1760 
13 65 1759 
5 65 1759 
30 62 1755 
3 64 1752 
1 64 1750 
1 64 1748 
53 64 1745 
31 65 1744 
13 67 1742 
23 67 1741 
4 70 1739 
51 72 1734 
15 73 1734 
93 72 1734 
11 74 1736 
44 72 1737 
32 75 1741 
2 75 1745 
63 74 1749 
0 74 1754 
27 73 1758 
12 71 1761 
19 71 1762 
4 71 1764 
26 72 1766 
15 73 1768 
17 70 1768 
32 68 1769 
48 71 1768 
31 70 1769 
40 65 1769 
25 69 1769 
40 66 1765 
2 63 1763 
